{
 "cells": [
  {
   "cell_type": "markdown",
   "metadata": {},
   "source": [
    "## Numpy与Pyhton速度对比"
   ]
  },
  {
   "cell_type": "code",
   "execution_count": 4,
   "metadata": {},
   "outputs": [
    {
     "name": "stdout",
     "output_type": "stream",
     "text": [
      "CPU times: user 13.1 ms, sys: 7.68 ms, total: 20.8 ms\n",
      "Wall time: 20.8 ms\n",
      "CPU times: user 461 ms, sys: 72.1 ms, total: 533 ms\n",
      "Wall time: 534 ms\n"
     ]
    }
   ],
   "source": [
    "import numpy as np\n",
    "my_arr = np.arange(1000000)\n",
    "my_list = list(range(1000000))\n",
    "%time for _ in range(10): my_arr2 = my_arr * 2\n",
    "%time for _ in range(10): my_list2 = [x * 2 for x in my_list]"
   ]
  },
  {
   "cell_type": "markdown",
   "metadata": {},
   "source": [
    "结论：基于NumPy的算法通常比它们快10到100倍（或更多）纯Python对应并使用明显更少的内存。"
   ]
  },
  {
   "cell_type": "markdown",
   "metadata": {},
   "source": [
    "## NumPy 的 ndarray:一种多维数组对象"
   ]
  },
  {
   "cell_type": "markdown",
   "metadata": {},
   "source": [
    "### 创建随机数据"
   ]
  },
  {
   "cell_type": "code",
   "execution_count": 5,
   "metadata": {},
   "outputs": [],
   "source": [
    "data = np.random.randn(2,3)"
   ]
  },
  {
   "cell_type": "code",
   "execution_count": 6,
   "metadata": {},
   "outputs": [
    {
     "data": {
      "text/plain": [
       "array([[ 0.81632389,  1.03033441,  0.02111876],\n",
       "       [-0.02252218, -0.16542667, -0.04876402]])"
      ]
     },
     "execution_count": 6,
     "metadata": {},
     "output_type": "execute_result"
    }
   ],
   "source": [
    "data"
   ]
  },
  {
   "cell_type": "code",
   "execution_count": 7,
   "metadata": {},
   "outputs": [
    {
     "data": {
      "text/plain": [
       "array([[ 8.16323886, 10.30334409,  0.21118759],\n",
       "       [-0.22522184, -1.65426669, -0.4876402 ]])"
      ]
     },
     "execution_count": 7,
     "metadata": {},
     "output_type": "execute_result"
    }
   ],
   "source": [
    "# 数学计算\n",
    "data*10"
   ]
  },
  {
   "cell_type": "code",
   "execution_count": 8,
   "metadata": {},
   "outputs": [
    {
     "data": {
      "text/plain": [
       "array([[ 1.63264777,  2.06066882,  0.04223752],\n",
       "       [-0.04504437, -0.33085334, -0.09752804]])"
      ]
     },
     "execution_count": 8,
     "metadata": {},
     "output_type": "execute_result"
    }
   ],
   "source": [
    "data+data"
   ]
  },
  {
   "cell_type": "code",
   "execution_count": 9,
   "metadata": {},
   "outputs": [
    {
     "data": {
      "text/plain": [
       "(2, 3)"
      ]
     },
     "execution_count": 9,
     "metadata": {},
     "output_type": "execute_result"
    }
   ],
   "source": [
    "# 数组的维度\n",
    "data.shape"
   ]
  },
  {
   "cell_type": "code",
   "execution_count": 10,
   "metadata": {},
   "outputs": [
    {
     "data": {
      "text/plain": [
       "dtype('float64')"
      ]
     },
     "execution_count": 10,
     "metadata": {},
     "output_type": "execute_result"
    }
   ],
   "source": [
    "# 数组类型\n",
    "data.dtype"
   ]
  },
  {
   "cell_type": "markdown",
   "metadata": {},
   "source": [
    "### 创建ndarry"
   ]
  },
  {
   "cell_type": "code",
   "execution_count": 11,
   "metadata": {},
   "outputs": [],
   "source": [
    "data1 = [6,7.5,8,0,1]"
   ]
  },
  {
   "cell_type": "code",
   "execution_count": 12,
   "metadata": {},
   "outputs": [],
   "source": [
    "arr1 = np.array(data1)"
   ]
  },
  {
   "cell_type": "code",
   "execution_count": 13,
   "metadata": {},
   "outputs": [
    {
     "data": {
      "text/plain": [
       "array([6. , 7.5, 8. , 0. , 1. ])"
      ]
     },
     "execution_count": 13,
     "metadata": {},
     "output_type": "execute_result"
    }
   ],
   "source": [
    "arr1"
   ]
  },
  {
   "cell_type": "code",
   "execution_count": 14,
   "metadata": {},
   "outputs": [
    {
     "data": {
      "text/plain": [
       "array([[[4.66708856e-310, 0.00000000e+000],\n",
       "        [0.00000000e+000, 0.00000000e+000],\n",
       "        [0.00000000e+000, 0.00000000e+000]],\n",
       "\n",
       "       [[0.00000000e+000, 0.00000000e+000],\n",
       "        [0.00000000e+000, 0.00000000e+000],\n",
       "        [0.00000000e+000, 0.00000000e+000]]])"
      ]
     },
     "execution_count": 14,
     "metadata": {},
     "output_type": "execute_result"
    }
   ],
   "source": [
    "'''\n",
    "注意:认为 np.empty 会返回全 0 数组的想法是不安全的。很多情况下(如前所\n",
    "示),它返回的都是一些未初始化的垃圾值。\n",
    "'''\n",
    "np.empty((2,3,2)) # shape=(2,3,2)"
   ]
  },
  {
   "cell_type": "markdown",
   "metadata": {},
   "source": [
    "## 数组类型转换"
   ]
  },
  {
   "cell_type": "markdown",
   "metadata": {},
   "source": [
    "### 整数转浮点数"
   ]
  },
  {
   "cell_type": "code",
   "execution_count": 15,
   "metadata": {},
   "outputs": [],
   "source": [
    "arr = np.array([1,2,3,4,5])"
   ]
  },
  {
   "cell_type": "code",
   "execution_count": 16,
   "metadata": {},
   "outputs": [
    {
     "data": {
      "text/plain": [
       "dtype('int64')"
      ]
     },
     "execution_count": 16,
     "metadata": {},
     "output_type": "execute_result"
    }
   ],
   "source": [
    "arr.dtype"
   ]
  },
  {
   "cell_type": "code",
   "execution_count": 17,
   "metadata": {},
   "outputs": [],
   "source": [
    "float_arr = arr.astype(np.float64)"
   ]
  },
  {
   "cell_type": "code",
   "execution_count": 18,
   "metadata": {},
   "outputs": [
    {
     "data": {
      "text/plain": [
       "dtype('float64')"
      ]
     },
     "execution_count": 18,
     "metadata": {},
     "output_type": "execute_result"
    }
   ],
   "source": [
    "float_arr.dtype"
   ]
  },
  {
   "cell_type": "code",
   "execution_count": 19,
   "metadata": {},
   "outputs": [
    {
     "data": {
      "text/plain": [
       "array([1., 2., 3., 4., 5.])"
      ]
     },
     "execution_count": 19,
     "metadata": {},
     "output_type": "execute_result"
    }
   ],
   "source": [
    "float_arr"
   ]
  },
  {
   "cell_type": "markdown",
   "metadata": {},
   "source": [
    "### 浮点数转整数"
   ]
  },
  {
   "cell_type": "code",
   "execution_count": 20,
   "metadata": {},
   "outputs": [],
   "source": [
    "arr = np.array([3.7,-1.2,-1.5,-9.3])"
   ]
  },
  {
   "cell_type": "code",
   "execution_count": 21,
   "metadata": {},
   "outputs": [
    {
     "data": {
      "text/plain": [
       "dtype('float64')"
      ]
     },
     "execution_count": 21,
     "metadata": {},
     "output_type": "execute_result"
    }
   ],
   "source": [
    "arr.dtype"
   ]
  },
  {
   "cell_type": "code",
   "execution_count": 22,
   "metadata": {},
   "outputs": [],
   "source": [
    "int_arr = arr.astype(np.int64)"
   ]
  },
  {
   "cell_type": "code",
   "execution_count": 23,
   "metadata": {},
   "outputs": [
    {
     "data": {
      "text/plain": [
       "dtype('int64')"
      ]
     },
     "execution_count": 23,
     "metadata": {},
     "output_type": "execute_result"
    }
   ],
   "source": [
    "int_arr.dtype"
   ]
  },
  {
   "cell_type": "code",
   "execution_count": 24,
   "metadata": {},
   "outputs": [
    {
     "data": {
      "text/plain": [
       "array([ 3, -1, -1, -9])"
      ]
     },
     "execution_count": 24,
     "metadata": {},
     "output_type": "execute_result"
    }
   ],
   "source": [
    "int_arr"
   ]
  },
  {
   "cell_type": "markdown",
   "metadata": {},
   "source": [
    "### 字符串数组转数字"
   ]
  },
  {
   "cell_type": "code",
   "execution_count": 25,
   "metadata": {},
   "outputs": [],
   "source": [
    "# 如果某字符串数组表示的全是数字,也可以用 astype 将其转换为数值形式:\n",
    "num_str = np.array(['1.25','3.3','6.3','7.8'],dtype=np.string_)"
   ]
  },
  {
   "cell_type": "code",
   "execution_count": 26,
   "metadata": {},
   "outputs": [
    {
     "data": {
      "text/plain": [
       "array([b'1.25', b'3.3', b'6.3', b'7.8'], dtype='|S4')"
      ]
     },
     "execution_count": 26,
     "metadata": {},
     "output_type": "execute_result"
    }
   ],
   "source": [
    "num_str"
   ]
  },
  {
   "cell_type": "code",
   "execution_count": 27,
   "metadata": {},
   "outputs": [
    {
     "data": {
      "text/plain": [
       "array([1.25, 3.3 , 6.3 , 7.8 ])"
      ]
     },
     "execution_count": 27,
     "metadata": {},
     "output_type": "execute_result"
    }
   ],
   "source": [
    "num_str.astype(float)"
   ]
  },
  {
   "cell_type": "markdown",
   "metadata": {},
   "source": [
    "注意:使用 numpy.string_类型时,一定要小心,因为 NumPy 的字符串数据是\n",
    "大小固定的,发生截取时,不会发出警告。pandas 提供了更多非数值数据的便\n",
    "利的处理方法。\n",
    "\n",
    "如果转换过程因为某种原因而失败了(比如某个不能被转换为 float64 的字符\n",
    "串),就会引发一个 ValueError。这里,我比较懒,写的是 float 而不是\n",
    "np.float64;NumPy 很聪明,**它会将 Python 类型映射到等价的 dtype 上**。"
   ]
  },
  {
   "cell_type": "markdown",
   "metadata": {},
   "source": [
    "### dtype简化"
   ]
  },
  {
   "cell_type": "markdown",
   "metadata": {},
   "source": [
    "'?' boolean\n",
    "\n",
    "'b' (signed) byte\n",
    "\n",
    "'B' unsigned byte\n",
    "\n",
    "'i' (signed) integer\n",
    "\n",
    "'u' unsigned integer\n",
    "\n",
    "'f' floating-point\n",
    "\n",
    "'c' complex-floating point\n",
    "\n",
    "'m' timedelta\n",
    "\n",
    "'M' datetime\n",
    "\n",
    "'O' (Python) objects\n",
    "\n",
    "'S', 'a' zero-terminated bytes (not recommended)\n",
    "\n",
    "'U' Unicode string\n",
    "\n",
    "'V' raw data (void)\n",
    "\n",
    "[更多直通点](https://docs.scipy.org/doc/numpy/reference/arrays.dtypes.html)"
   ]
  },
  {
   "cell_type": "code",
   "execution_count": 28,
   "metadata": {},
   "outputs": [
    {
     "data": {
      "text/plain": [
       "dtype('uint32')"
      ]
     },
     "execution_count": 28,
     "metadata": {},
     "output_type": "execute_result"
    }
   ],
   "source": [
    "np.dtype('u4')"
   ]
  },
  {
   "cell_type": "code",
   "execution_count": 29,
   "metadata": {},
   "outputs": [
    {
     "data": {
      "text/plain": [
       "array([[3708198864,      21993,         11],\n",
       "       [     65537,         15,          1]], dtype=uint32)"
      ]
     },
     "execution_count": 29,
     "metadata": {},
     "output_type": "execute_result"
    }
   ],
   "source": [
    "empty_uint32 = np.empty((2,3),dtype='u4')\n",
    "empty_uint32"
   ]
  },
  {
   "cell_type": "markdown",
   "metadata": {},
   "source": [
    "调用 astype 总会创建一个新的数组(一个数据的备份),即使新的dtype 与旧的 dtype 相同。"
   ]
  },
  {
   "cell_type": "markdown",
   "metadata": {},
   "source": [
    "## 数组运算(矢量化)"
   ]
  },
  {
   "cell_type": "code",
   "execution_count": 30,
   "metadata": {},
   "outputs": [
    {
     "name": "stdout",
     "output_type": "stream",
     "text": [
      "[[1. 2. 3.]\n",
      " [4. 5. 6.]]\n",
      "[[ 0.  4.  1.]\n",
      " [ 7.  2. 12.]]\n"
     ]
    },
    {
     "data": {
      "text/plain": [
       "array([[ True, False,  True],\n",
       "       [False,  True, False]])"
      ]
     },
     "execution_count": 30,
     "metadata": {},
     "output_type": "execute_result"
    }
   ],
   "source": [
    "arr = np.array([[1., 2., 3.], [4., 5., 6.]])\n",
    "arr2 = np.array([[0., 4., 1.], [7., 2., 12.]])\n",
    "print(arr)\n",
    "print(arr2)\n",
    "arr>arr2"
   ]
  },
  {
   "cell_type": "markdown",
   "metadata": {},
   "source": [
    "### 二维数组索引方式"
   ]
  },
  {
   "cell_type": "markdown",
   "metadata": {},
   "source": [
    "索引方式根据轴来进行。axis=0 表示行；axis=1 表示列\n",
    "\n",
    "- 数组索引\n",
    "- 切片索引\n",
    "- 布尔型索引\n",
    "- 花式索引"
   ]
  },
  {
   "cell_type": "markdown",
   "metadata": {},
   "source": [
    "#### 布尔型索引例子"
   ]
  },
  {
   "cell_type": "code",
   "execution_count": 31,
   "metadata": {},
   "outputs": [
    {
     "name": "stdout",
     "output_type": "stream",
     "text": [
      "['Bob' 'Joe' 'Will' 'Bob' 'Will' 'Joe' 'Joe']\n",
      "[[-0.86143225  0.6217379   1.11002806 -0.84680416]\n",
      " [ 0.43938119  0.72766573  0.19591729 -1.70354057]\n",
      " [-1.07485592 -0.12854109 -0.3854124   0.04943098]\n",
      " [-1.69964686 -0.47862158  0.22072437  0.05672718]\n",
      " [-1.66729194  0.78797667 -2.60562973  0.66319239]\n",
      " [ 0.44971151 -0.39087312  2.74703601  1.65103735]\n",
      " [ 0.46032072 -0.38888617  0.32324258 -0.90763894]]\n"
     ]
    }
   ],
   "source": [
    "names = np.array(['Bob', 'Joe', 'Will', 'Bob', 'Will',\n",
    "'Joe', 'Joe'])\n",
    "data = np.random.randn(7, 4)\n",
    "print(names)\n",
    "print(data)"
   ]
  },
  {
   "cell_type": "code",
   "execution_count": 32,
   "metadata": {},
   "outputs": [
    {
     "data": {
      "text/plain": [
       "array([ True, False, False,  True, False, False, False])"
      ]
     },
     "execution_count": 32,
     "metadata": {},
     "output_type": "execute_result"
    }
   ],
   "source": [
    "# 每个人名字对应一行\n",
    "names=='Bob' # 对应Bob的为True，否则为False。"
   ]
  },
  {
   "cell_type": "code",
   "execution_count": 33,
   "metadata": {},
   "outputs": [
    {
     "data": {
      "text/plain": [
       "array([[-0.86143225,  0.6217379 ,  1.11002806, -0.84680416],\n",
       "       [-1.69964686, -0.47862158,  0.22072437,  0.05672718]])"
      ]
     },
     "execution_count": 33,
     "metadata": {},
     "output_type": "execute_result"
    }
   ],
   "source": [
    "data[names=='Bob'] #布尔型数组可用于数组索引"
   ]
  },
  {
   "cell_type": "markdown",
   "metadata": {},
   "source": [
    "**注意:如果布尔型数组的长度不对,布尔型选择就会出错,因此一定要小心。**"
   ]
  },
  {
   "cell_type": "code",
   "execution_count": 34,
   "metadata": {},
   "outputs": [
    {
     "data": {
      "text/plain": [
       "array([[ 0.43938119,  0.72766573,  0.19591729, -1.70354057],\n",
       "       [-1.07485592, -0.12854109, -0.3854124 ,  0.04943098],\n",
       "       [-1.66729194,  0.78797667, -2.60562973,  0.66319239],\n",
       "       [ 0.44971151, -0.39087312,  2.74703601,  1.65103735],\n",
       "       [ 0.46032072, -0.38888617,  0.32324258, -0.90763894]])"
      ]
     },
     "execution_count": 34,
     "metadata": {},
     "output_type": "execute_result"
    }
   ],
   "source": [
    "# 除了==还可以用其他符号。\n",
    "data[~(names=='Bob')] # 反转"
   ]
  },
  {
   "cell_type": "code",
   "execution_count": 35,
   "metadata": {},
   "outputs": [],
   "source": [
    "mask = (names=='Bob') | (names=='Will')"
   ]
  },
  {
   "cell_type": "code",
   "execution_count": 36,
   "metadata": {},
   "outputs": [
    {
     "data": {
      "text/plain": [
       "array([ True, False,  True,  True,  True, False, False])"
      ]
     },
     "execution_count": 36,
     "metadata": {},
     "output_type": "execute_result"
    }
   ],
   "source": [
    "mask"
   ]
  },
  {
   "cell_type": "code",
   "execution_count": 37,
   "metadata": {},
   "outputs": [
    {
     "data": {
      "text/plain": [
       "array([[-0.86143225,  0.6217379 ,  1.11002806, -0.84680416],\n",
       "       [-1.07485592, -0.12854109, -0.3854124 ,  0.04943098],\n",
       "       [-1.69964686, -0.47862158,  0.22072437,  0.05672718],\n",
       "       [-1.66729194,  0.78797667, -2.60562973,  0.66319239]])"
      ]
     },
     "execution_count": 37,
     "metadata": {},
     "output_type": "execute_result"
    }
   ],
   "source": [
    "data[mask]"
   ]
  },
  {
   "cell_type": "markdown",
   "metadata": {},
   "source": [
    "#### 花式索引"
   ]
  },
  {
   "cell_type": "code",
   "execution_count": 38,
   "metadata": {},
   "outputs": [],
   "source": [
    "arr = np.empty((8, 4))"
   ]
  },
  {
   "cell_type": "code",
   "execution_count": 39,
   "metadata": {},
   "outputs": [],
   "source": [
    "for i in range(8):\n",
    "    arr[i] = i"
   ]
  },
  {
   "cell_type": "code",
   "execution_count": 40,
   "metadata": {},
   "outputs": [
    {
     "data": {
      "text/plain": [
       "array([[0., 0., 0., 0.],\n",
       "       [1., 1., 1., 1.],\n",
       "       [2., 2., 2., 2.],\n",
       "       [3., 3., 3., 3.],\n",
       "       [4., 4., 4., 4.],\n",
       "       [5., 5., 5., 5.],\n",
       "       [6., 6., 6., 6.],\n",
       "       [7., 7., 7., 7.]])"
      ]
     },
     "execution_count": 40,
     "metadata": {},
     "output_type": "execute_result"
    }
   ],
   "source": [
    "arr"
   ]
  },
  {
   "cell_type": "code",
   "execution_count": 41,
   "metadata": {},
   "outputs": [
    {
     "data": {
      "text/plain": [
       "array([[4., 4., 4., 4.],\n",
       "       [3., 3., 3., 3.],\n",
       "       [0., 0., 0., 0.],\n",
       "       [6., 6., 6., 6.]])"
      ]
     },
     "execution_count": 41,
     "metadata": {},
     "output_type": "execute_result"
    }
   ],
   "source": [
    "# 为了以特定顺序选取行子集,只需传入一个用于指定顺序的整数列表或ndarray 即可\n",
    "arr[[4,3,0,6]]"
   ]
  },
  {
   "cell_type": "code",
   "execution_count": 42,
   "metadata": {},
   "outputs": [],
   "source": [
    "# 用负数索引将会从末尾开始选取行:"
   ]
  },
  {
   "cell_type": "code",
   "execution_count": 43,
   "metadata": {},
   "outputs": [
    {
     "data": {
      "text/plain": [
       "array([[5., 5., 5., 5.],\n",
       "       [3., 3., 3., 3.],\n",
       "       [1., 1., 1., 1.]])"
      ]
     },
     "execution_count": 43,
     "metadata": {},
     "output_type": "execute_result"
    }
   ],
   "source": [
    "arr[[-3, -5, -7]]"
   ]
  },
  {
   "cell_type": "markdown",
   "metadata": {},
   "source": [
    "一次传入多个索引数组会有一点特别。它返回的是一个一维数组,其中的元素对应各个索引元组"
   ]
  },
  {
   "cell_type": "code",
   "execution_count": 44,
   "metadata": {},
   "outputs": [],
   "source": [
    "arr = np.arange(32).reshape((8, 4))"
   ]
  },
  {
   "cell_type": "code",
   "execution_count": 45,
   "metadata": {},
   "outputs": [
    {
     "data": {
      "text/plain": [
       "array([[ 0,  1,  2,  3],\n",
       "       [ 4,  5,  6,  7],\n",
       "       [ 8,  9, 10, 11],\n",
       "       [12, 13, 14, 15],\n",
       "       [16, 17, 18, 19],\n",
       "       [20, 21, 22, 23],\n",
       "       [24, 25, 26, 27],\n",
       "       [28, 29, 30, 31]])"
      ]
     },
     "execution_count": 45,
     "metadata": {},
     "output_type": "execute_result"
    }
   ],
   "source": [
    "arr"
   ]
  },
  {
   "cell_type": "code",
   "execution_count": 46,
   "metadata": {},
   "outputs": [
    {
     "data": {
      "text/plain": [
       "array([ 4, 23, 29, 10])"
      ]
     },
     "execution_count": 46,
     "metadata": {},
     "output_type": "execute_result"
    }
   ],
   "source": [
    "arr[[1, 5, 7, 2], [0, 3, 1, 2]]"
   ]
  },
  {
   "cell_type": "markdown",
   "metadata": {},
   "source": [
    "这个花式索引的行为可能会跟某些用户的预期不一样(包括我在内),选取矩\n",
    "阵的行列子集应该是矩形区域的形式才对"
   ]
  },
  {
   "cell_type": "code",
   "execution_count": 47,
   "metadata": {},
   "outputs": [
    {
     "data": {
      "text/plain": [
       "array([[ 4,  7,  5,  6],\n",
       "       [20, 23, 21, 22],\n",
       "       [28, 31, 29, 30],\n",
       "       [ 8, 11,  9, 10]])"
      ]
     },
     "execution_count": 47,
     "metadata": {},
     "output_type": "execute_result"
    }
   ],
   "source": [
    "arr[[1, 5, 7, 2]][:, [0, 3, 1, 2]]"
   ]
  },
  {
   "cell_type": "markdown",
   "metadata": {},
   "source": [
    "### 数组和轴变换"
   ]
  },
  {
   "cell_type": "code",
   "execution_count": 48,
   "metadata": {},
   "outputs": [],
   "source": [
    "arr = np.arange(16).reshape((2, 2, 4))"
   ]
  },
  {
   "cell_type": "code",
   "execution_count": 49,
   "metadata": {},
   "outputs": [
    {
     "data": {
      "text/plain": [
       "array([[[ 0,  1,  2,  3],\n",
       "        [ 4,  5,  6,  7]],\n",
       "\n",
       "       [[ 8,  9, 10, 11],\n",
       "        [12, 13, 14, 15]]])"
      ]
     },
     "execution_count": 49,
     "metadata": {},
     "output_type": "execute_result"
    }
   ],
   "source": [
    "arr"
   ]
  },
  {
   "cell_type": "code",
   "execution_count": 50,
   "metadata": {},
   "outputs": [
    {
     "data": {
      "text/plain": [
       "array([[[ 0,  8],\n",
       "        [ 4, 12]],\n",
       "\n",
       "       [[ 1,  9],\n",
       "        [ 5, 13]],\n",
       "\n",
       "       [[ 2, 10],\n",
       "        [ 6, 14]],\n",
       "\n",
       "       [[ 3, 11],\n",
       "        [ 7, 15]]])"
      ]
     },
     "execution_count": 50,
     "metadata": {},
     "output_type": "execute_result"
    }
   ],
   "source": [
    "arr.T"
   ]
  },
  {
   "cell_type": "code",
   "execution_count": 51,
   "metadata": {},
   "outputs": [
    {
     "data": {
      "text/plain": [
       "array([[[ 0,  4],\n",
       "        [ 1,  5],\n",
       "        [ 2,  6],\n",
       "        [ 3,  7]],\n",
       "\n",
       "       [[ 8, 12],\n",
       "        [ 9, 13],\n",
       "        [10, 14],\n",
       "        [11, 15]]])"
      ]
     },
     "execution_count": 51,
     "metadata": {},
     "output_type": "execute_result"
    }
   ],
   "source": [
    "# 简单的转置可以使用.T,它其实就是进行轴对换而已。ndarray 还有一个swapaxes 方法,它需要接受一对轴编号\n",
    "arr.swapaxes(1,2)"
   ]
  },
  {
   "cell_type": "code",
   "execution_count": 52,
   "metadata": {},
   "outputs": [
    {
     "data": {
      "text/plain": [
       "array([[[ 0,  8],\n",
       "        [ 4, 12]],\n",
       "\n",
       "       [[ 1,  9],\n",
       "        [ 5, 13]],\n",
       "\n",
       "       [[ 2, 10],\n",
       "        [ 6, 14]],\n",
       "\n",
       "       [[ 3, 11],\n",
       "        [ 7, 15]]])"
      ]
     },
     "execution_count": 52,
     "metadata": {},
     "output_type": "execute_result"
    }
   ],
   "source": [
    "arr.swapaxes(0,2)\n",
    "# swapaxes 也是返回源数据的视图(不会进行任何复制操作)"
   ]
  },
  {
   "cell_type": "markdown",
   "metadata": {},
   "source": [
    "## 数学和统计方法"
   ]
  },
  {
   "cell_type": "code",
   "execution_count": 53,
   "metadata": {},
   "outputs": [],
   "source": [
    "arr = np.random.randn(5,4)"
   ]
  },
  {
   "cell_type": "code",
   "execution_count": 54,
   "metadata": {},
   "outputs": [
    {
     "data": {
      "text/plain": [
       "array([[ 0.67898069, -0.26828582, -0.81258693,  0.76003334],\n",
       "       [-0.8901697 , -0.15120297,  1.22226769, -1.82836612],\n",
       "       [ 0.43017922,  0.5084481 , -0.49638644,  0.26086639],\n",
       "       [ 1.2133704 ,  0.36216502,  0.209637  , -0.75089507],\n",
       "       [ 0.17365802, -1.84558421, -0.23470711,  0.47822195]])"
      ]
     },
     "execution_count": 54,
     "metadata": {},
     "output_type": "execute_result"
    }
   ],
   "source": [
    "arr"
   ]
  },
  {
   "cell_type": "code",
   "execution_count": 55,
   "metadata": {},
   "outputs": [
    {
     "data": {
      "text/plain": [
       "-0.04901782671141623"
      ]
     },
     "execution_count": 55,
     "metadata": {},
     "output_type": "execute_result"
    }
   ],
   "source": [
    "arr.mean()"
   ]
  },
  {
   "cell_type": "code",
   "execution_count": 56,
   "metadata": {},
   "outputs": [
    {
     "data": {
      "text/plain": [
       "-0.04901782671141623"
      ]
     },
     "execution_count": 56,
     "metadata": {},
     "output_type": "execute_result"
    }
   ],
   "source": [
    "np.mean(arr)"
   ]
  },
  {
   "cell_type": "code",
   "execution_count": 57,
   "metadata": {},
   "outputs": [
    {
     "data": {
      "text/plain": [
       "-0.9803565342283247"
      ]
     },
     "execution_count": 57,
     "metadata": {},
     "output_type": "execute_result"
    }
   ],
   "source": [
    "arr.sum()"
   ]
  },
  {
   "cell_type": "markdown",
   "metadata": {},
   "source": [
    "**最外层为axis=0，最内层为axis=1,后面的axis依次加1，keepdims=True维持维度**\n",
    "\n",
    "参考文章：\n",
    "\n",
    "[Python · numpy · axis](https://zhuanlan.zhihu.com/p/30960190)\n",
    "\n",
    "[numpy模块之axis](https://blog.csdn.net/fangjian1204/article/details/53055219)    "
   ]
  },
  {
   "cell_type": "code",
   "execution_count": 58,
   "metadata": {},
   "outputs": [
    {
     "data": {
      "text/plain": [
       "array([ 0.32120373, -0.27889198, -0.02235515, -0.2160279 ])"
      ]
     },
     "execution_count": 58,
     "metadata": {},
     "output_type": "execute_result"
    }
   ],
   "source": [
    "# 设置特定轴计算\n",
    "arr.mean(axis=0)"
   ]
  },
  {
   "cell_type": "code",
   "execution_count": 59,
   "metadata": {},
   "outputs": [
    {
     "name": "stdout",
     "output_type": "stream",
     "text": [
      "[[12 15]]\n",
      "[[ 3]\n",
      " [ 9]\n",
      " [15]]\n"
     ]
    }
   ],
   "source": [
    "X = np.array([[1, 2], [4, 5], [7, 8]])\n",
    "print(np.sum(X, axis=0, keepdims=True))\n",
    "print(np.sum(X, axis=1, keepdims=True))"
   ]
  },
  {
   "cell_type": "markdown",
   "metadata": {},
   "source": [
    "## 用于数组的文件输入和输出"
   ]
  },
  {
   "cell_type": "markdown",
   "metadata": {},
   "source": [
    "NumPy 能够读写磁盘上的文本数据或二进制数据。\n",
    "\n",
    "np.save 和 np.load 是读写磁盘数组数据的两个主要函数。默认情况下,数组\n",
    "是以未压缩的原始二进制格式保存在扩展名为.npy 的文件中的"
   ]
  },
  {
   "cell_type": "code",
   "execution_count": 60,
   "metadata": {},
   "outputs": [],
   "source": [
    "arr = np.arange(10)"
   ]
  },
  {
   "cell_type": "code",
   "execution_count": 61,
   "metadata": {},
   "outputs": [],
   "source": [
    "np.save('some_array', arr)"
   ]
  },
  {
   "cell_type": "code",
   "execution_count": 62,
   "metadata": {},
   "outputs": [
    {
     "data": {
      "text/plain": [
       "array([0, 1, 2, 3, 4, 5, 6, 7, 8, 9])"
      ]
     },
     "execution_count": 62,
     "metadata": {},
     "output_type": "execute_result"
    }
   ],
   "source": [
    "np.load('some_array.npy')"
   ]
  },
  {
   "cell_type": "markdown",
   "metadata": {},
   "source": [
    "通过 np.savez 可以将多个数组保存到一个未压缩文件中,将数组以关键字参数\n",
    "的形式传入即可"
   ]
  },
  {
   "cell_type": "code",
   "execution_count": 63,
   "metadata": {},
   "outputs": [],
   "source": [
    "np.savez('array_archive.npz',a=arr,b=arr)"
   ]
  },
  {
   "cell_type": "code",
   "execution_count": 64,
   "metadata": {},
   "outputs": [],
   "source": [
    "arch = np.load('array_archive.npz')"
   ]
  },
  {
   "cell_type": "code",
   "execution_count": 65,
   "metadata": {},
   "outputs": [
    {
     "data": {
      "text/plain": [
       "array([0, 1, 2, 3, 4, 5, 6, 7, 8, 9])"
      ]
     },
     "execution_count": 65,
     "metadata": {},
     "output_type": "execute_result"
    }
   ],
   "source": [
    "arch['b']"
   ]
  },
  {
   "cell_type": "code",
   "execution_count": 66,
   "metadata": {},
   "outputs": [],
   "source": [
    "np.savez_compressed('arrays_compressed.npz', a=arr, b=arr)"
   ]
  },
  {
   "cell_type": "markdown",
   "metadata": {},
   "source": [
    "## 矩阵乘法"
   ]
  },
  {
   "cell_type": "code",
   "execution_count": 67,
   "metadata": {},
   "outputs": [],
   "source": [
    "x = np.array([[1., 2., 3.], [4., 5., 6.]])"
   ]
  },
  {
   "cell_type": "code",
   "execution_count": 68,
   "metadata": {},
   "outputs": [
    {
     "data": {
      "text/plain": [
       "array([ 6., 15.])"
      ]
     },
     "execution_count": 68,
     "metadata": {},
     "output_type": "execute_result"
    }
   ],
   "source": [
    "x@np.ones(3) # 中缀运算符，进行矩阵乘法"
   ]
  },
  {
   "cell_type": "code",
   "execution_count": 69,
   "metadata": {},
   "outputs": [],
   "source": [
    "t = x.dot(np.ones(3))"
   ]
  },
  {
   "cell_type": "markdown",
   "metadata": {},
   "source": [
    "numpy.linalg 中有一组标准的矩阵分解运算以及诸如求逆和行列式之类的东\n",
    "西。它们跟 MATLAB 和 R 等语言所使用的是相同的行业标准线性代数库,如\n",
    "BLAS、LAPACK、Intel MKL(Math Kernel Library,可能有,取决于你的\n",
    "NumPy 版本)等:"
   ]
  },
  {
   "cell_type": "code",
   "execution_count": 70,
   "metadata": {},
   "outputs": [],
   "source": [
    "from numpy.linalg import inv, qr"
   ]
  },
  {
   "cell_type": "code",
   "execution_count": 71,
   "metadata": {},
   "outputs": [],
   "source": [
    "X = np.random.randn(5,5)"
   ]
  },
  {
   "cell_type": "code",
   "execution_count": 72,
   "metadata": {},
   "outputs": [],
   "source": [
    "mat = X.T.dot(X)"
   ]
  },
  {
   "cell_type": "code",
   "execution_count": 73,
   "metadata": {},
   "outputs": [
    {
     "data": {
      "text/plain": [
       "array([[ 5.90515459,  0.23219976, -1.09230917, -0.05901192,  1.70453404],\n",
       "       [ 0.23219976,  3.91826914,  1.32917691, -1.35993139, -1.57695436],\n",
       "       [-1.09230917,  1.32917691,  2.38011576, -0.3531005 , -2.45234923],\n",
       "       [-0.05901192, -1.35993139, -0.3531005 ,  2.27381441, -1.13913879],\n",
       "       [ 1.70453404, -1.57695436, -2.45234923, -1.13913879,  6.63128986]])"
      ]
     },
     "execution_count": 73,
     "metadata": {},
     "output_type": "execute_result"
    }
   ],
   "source": [
    "mat"
   ]
  },
  {
   "cell_type": "code",
   "execution_count": 74,
   "metadata": {},
   "outputs": [
    {
     "data": {
      "text/plain": [
       "array([[ 0.20042724, -0.07712554,  0.07242022, -0.05608762, -0.05271228],\n",
       "       [-0.07712554,  0.47465352, -0.07981718,  0.3514217 ,  0.16355016],\n",
       "       [ 0.07242022, -0.07981718,  0.87636514,  0.25577423,  0.3304342 ],\n",
       "       [-0.05608762,  0.3514217 ,  0.25577423,  0.85860074,  0.34006844],\n",
       "       [-0.05271228,  0.16355016,  0.3304342 ,  0.34006844,  0.38385989]])"
      ]
     },
     "execution_count": 74,
     "metadata": {},
     "output_type": "execute_result"
    }
   ],
   "source": [
    "inv(mat) # 求矩阵逆"
   ]
  },
  {
   "cell_type": "code",
   "execution_count": 75,
   "metadata": {},
   "outputs": [
    {
     "data": {
      "text/plain": [
       "array([[ 1.00000000e+00, -1.60767620e-17, -4.86823159e-17,\n",
       "        -2.31879177e-18, -1.17728030e-17],\n",
       "       [ 6.84240830e-17,  1.00000000e+00, -5.52944766e-17,\n",
       "         2.30326204e-16, -7.12205229e-17],\n",
       "       [ 2.00581880e-17, -3.08522636e-17,  1.00000000e+00,\n",
       "         1.02546304e-17, -5.42407874e-17],\n",
       "       [-1.30643747e-17,  1.55304493e-16, -1.29387167e-16,\n",
       "         1.00000000e+00, -8.11674383e-17],\n",
       "       [-1.24749173e-18, -1.90604319e-16,  3.68801933e-16,\n",
       "        -7.57383957e-17,  1.00000000e+00]])"
      ]
     },
     "execution_count": 75,
     "metadata": {},
     "output_type": "execute_result"
    }
   ],
   "source": [
    "mat.dot(inv(mat))"
   ]
  },
  {
   "cell_type": "code",
   "execution_count": 76,
   "metadata": {},
   "outputs": [],
   "source": [
    "q, r = qr(mat) # QR分解，q是正交的，r是上三角形。"
   ]
  },
  {
   "cell_type": "code",
   "execution_count": 77,
   "metadata": {},
   "outputs": [
    {
     "data": {
      "text/plain": [
       "(array([[-0.94525647, -0.10829728, -0.29403568, -0.03725612, -0.08316796],\n",
       "        [-0.03716894, -0.84872828,  0.39002517, -0.24407375,  0.25804486],\n",
       "        [ 0.17484933, -0.276381  , -0.66197547,  0.42781316,  0.52134982],\n",
       "        [ 0.00944622,  0.29435952, -0.19338936, -0.76679685,  0.53655046],\n",
       "        [-0.27285007,  0.32387964,  0.53461428,  0.40992497,  0.60564339]]),\n",
       " array([[-6.24714538,  0.28470536,  2.06505804,  0.37688226, -3.80150816],\n",
       "        [ 0.        , -4.62910384, -2.56583919,  1.55856838,  3.64401554],\n",
       "        [ 0.        ,  0.        , -1.97876297, -1.32804335,  4.27262887],\n",
       "        [ 0.        ,  0.        ,  0.        , -2.02745409,  2.86406093],\n",
       "        [ 0.        ,  0.        ,  0.        ,  0.        ,  1.57777199]]))"
      ]
     },
     "execution_count": 77,
     "metadata": {},
     "output_type": "execute_result"
    }
   ],
   "source": [
    "q,r"
   ]
  },
  {
   "cell_type": "markdown",
   "metadata": {},
   "source": [
    "## 伪随机数生成"
   ]
  },
  {
   "cell_type": "code",
   "execution_count": 78,
   "metadata": {},
   "outputs": [],
   "source": [
    "samples = np.random.normal(size=(4,4))"
   ]
  },
  {
   "cell_type": "code",
   "execution_count": 79,
   "metadata": {},
   "outputs": [
    {
     "data": {
      "text/plain": [
       "array([[-1.8943275 , -1.0475463 ,  1.27913484, -0.32765659],\n",
       "       [-0.90319641,  0.25885074,  0.02564544, -1.30004241],\n",
       "       [ 0.84282454,  0.77660091, -1.50494256, -0.86478503],\n",
       "       [-1.18206286,  0.77720903,  0.34918536, -0.1245201 ]])"
      ]
     },
     "execution_count": 79,
     "metadata": {},
     "output_type": "execute_result"
    }
   ],
   "source": [
    "samples"
   ]
  },
  {
   "cell_type": "markdown",
   "metadata": {},
   "source": [
    "Python 内置的 random 模块则只能一次生成一个样本值。从下面的测试结果\n",
    "中可以看出,如果需要产生大量样本值,numpy.random 快了不止一个数量级:"
   ]
  },
  {
   "cell_type": "code",
   "execution_count": 80,
   "metadata": {},
   "outputs": [],
   "source": [
    "from random import normalvariate"
   ]
  },
  {
   "cell_type": "code",
   "execution_count": 81,
   "metadata": {},
   "outputs": [
    {
     "name": "stdout",
     "output_type": "stream",
     "text": [
      "682 ms ± 14.2 ms per loop (mean ± std. dev. of 7 runs, 1 loop each)\n"
     ]
    }
   ],
   "source": [
    "N = 1000000\n",
    "%timeit samples = [normalvariate(0, 1) for _ in range(N)]"
   ]
  },
  {
   "cell_type": "code",
   "execution_count": 82,
   "metadata": {},
   "outputs": [
    {
     "name": "stdout",
     "output_type": "stream",
     "text": [
      "37.8 ms ± 1.58 ms per loop (mean ± std. dev. of 7 runs, 10 loops each)\n"
     ]
    }
   ],
   "source": [
    "%timeit np.random.normal(size=N)"
   ]
  },
  {
   "cell_type": "markdown",
   "metadata": {},
   "source": [
    "我们说这些都是伪随机数,是因为它们都是通过算法基于随机数生成器种子,\n",
    "在确定性的条件下生成的。你可以用 NumPy 的 np.random.seed 更改随机数生成\n",
    "种子"
   ]
  },
  {
   "cell_type": "code",
   "execution_count": 83,
   "metadata": {},
   "outputs": [],
   "source": [
    "np.random.seed(1234)"
   ]
  },
  {
   "cell_type": "markdown",
   "metadata": {},
   "source": [
    "numpy.random 的数据生成函数使用了全局的随机种子。要避免全局状态,你可\n",
    "以使用 numpy.random.RandomState,创建一个与其它隔离的随机数生成器"
   ]
  },
  {
   "cell_type": "code",
   "execution_count": 84,
   "metadata": {},
   "outputs": [],
   "source": [
    "rng = np.random.RandomState(1234)"
   ]
  },
  {
   "cell_type": "code",
   "execution_count": 85,
   "metadata": {},
   "outputs": [
    {
     "data": {
      "text/plain": [
       "array([ 0.47143516, -1.19097569,  1.43270697, -0.3126519 , -0.72058873,\n",
       "        0.88716294,  0.85958841, -0.6365235 ,  0.01569637, -2.24268495])"
      ]
     },
     "execution_count": 85,
     "metadata": {},
     "output_type": "execute_result"
    }
   ],
   "source": [
    "rng.randn(10)"
   ]
  },
  {
   "cell_type": "markdown",
   "metadata": {},
   "source": [
    "## 示例：随机漫步"
   ]
  },
  {
   "cell_type": "code",
   "execution_count": 86,
   "metadata": {},
   "outputs": [],
   "source": [
    "import random\n",
    "position = 0\n",
    "walk = [position]\n",
    "steps = 100\n",
    "for i in range(steps):\n",
    "        step = 1 if random.randint(0,1) else -1\n",
    "        position += step\n",
    "        walk.append(position)"
   ]
  },
  {
   "cell_type": "code",
   "execution_count": 87,
   "metadata": {},
   "outputs": [
    {
     "data": {
      "text/plain": [
       "[<matplotlib.lines.Line2D at 0x7f847d18c470>]"
      ]
     },
     "execution_count": 87,
     "metadata": {},
     "output_type": "execute_result"
    },
    {
     "data": {
